results with the "random copying" effect suggested by sally

bb_pos_full_sally:

mean   sd  5.5% 94.5% n_eff Rhat
a       -3.16 0.02 -3.19 -3.13   278 1.00
bs      -0.03 0.03 -0.07  0.01   477 1.01
bp      -0.01 0.02 -0.04  0.02   676 1.00
ba       0.12 0.03  0.07  0.16   554 1.00
sigma_a  0.55 0.01  0.54  0.57   351 1.01
sigma_y  0.09 0.01  0.07  0.10   553 1.00

bb_neg_full_sally: 

mean   sd  5.5% 94.5% n_eff Rhat
a       -4.19 0.03 -4.24 -4.14   292 1.01
bs       0.01 0.04 -0.05  0.06   376 1.00
bp       0.04 0.05 -0.04  0.12   293 1.01
bc      -0.02 0.01 -0.04 -0.01  1753 1.00
bna      0.06 0.05 -0.02  0.13   353 1.01
sigma_a  0.76 0.02  0.73  0.78   274 1.01
sigma_y  0.18 0.02  0.15  0.21   553 1.00

mxm_pos_full_sally: 
mean   sd  5.5% 94.5% n_eff Rhat
a       -3.26 0.02 -3.30 -3.22   925 1.00
bs      -0.01 0.01 -0.02  0.00   428 1.01
bp       0.00 0.01  0.00  0.01   626 1.00
ba       0.01 0.01  0.00  0.03   426 1.00
sigma_a  0.38 0.00  0.37  0.39   303 1.01
sigma_g  0.23 0.02  0.20  0.27   580 1.00
sigma_y  0.03 0.00  0.02  0.03  1218 1.00

mxm_neg_full_sally:
mean   sd  5.5% 94.5% n_eff Rhat
a       -3.92 0.03 -3.97 -3.87   892 1.00
bs       0.00 0.01 -0.01  0.01   454 1.00
bp      -0.02 0.01 -0.03  0.00   392 1.00
bna      0.02 0.01  0.00  0.03   348 1.01
sigma_a  0.53 0.00  0.52  0.54   195 1.01
sigma_g  0.31 0.03  0.27  0.35   757 1.00
sigma_y  0.03 0.00  0.03  0.04  1216 1.00